SIZE = 48,
1333,690,194,992,334,1759,543,1148,2049,879,594,1580,919,1222,1420,1975,1049,1250,335,2072,1169,1212,406,726,506,393,525,242,798,758,352,375,1584,2237,252,369,1898,560,341,740,454,524,1251,1082,1304,1421,641,
736,898,1643,1111,2425,983,1039,604,1698,1347,482,652,424,1760,1681,1906,1260,2339,1763,848,1087,1024,1441,949,1241,732,795,952,271,813,445,2166,130,872,1716,826,1255,1181,326,665,2085,1152,919,968,1726,1188,
1835,1735,930,2445,708,1291,1809,369,411,879,972,623,957,2367,1446,504,866,1525,1780,96,951,594,1138,1972,1397,811,309,985,486,919,534,1008,1425,361,1500,839,831,1338,1004,388,454,140,1761,609,235,
220,739,177,1508,1600,1042,354,641,1038,2336,303,514,1475,595,875,2435,603,1326,861,2281,1828,1553,796,592,264,1212,1472,604,738,781,138,2010,2044,1718,928,998,519,567,1403,1021,2238,268,1187,923,
1092,1950,214,823,831,623,986,927,1317,712,838,2408,1137,987,1612,1995,655,1095,1229,476,1335,1119,166,1061,1159,552,932,2136,1926,645,1362,429,1146,541,863,370,400,293,1129,1486,440,554,216,
1497,700,949,1745,630,435,1605,1060,939,1905,2734,1499,579,803,973,525,334,1198,90,726,981,390,291,626,1341,548,703,1802,296,1025,581,1166,928,1079,1501,180,813,721,814,1551,588,596,
2385,1252,1758,2290,1475,1969,1286,2540,2066,2493,1304,1583,2412,1239,2156,2439,1427,947,1371,2063,686,685,1885,2172,945,1107,2013,1576,2165,1849,1888,1633,982,1969,2055,1985,825,1005,2708,2115,1836,
1051,742,812,1104,939,642,776,748,2026,2300,371,605,355,1119,862,1191,907,1524,792,703,568,630,783,396,178,2043,220,1511,1056,1489,731,985,413,1123,862,1157,699,511,235,805,
802,1256,189,999,1011,1105,1122,1359,1776,617,1235,702,882,1204,828,252,1720,849,1729,444,516,1430,552,744,896,882,1087,507,1961,503,1207,1507,1238,882,1110,792,1584,631,959,
667,1802,2596,2198,1359,292,1938,1783,999,1356,2485,182,882,801,1178,2147,1374,1171,492,2119,562,442,1298,1550,396,1480,1438,1239,1936,959,1427,937,664,1240,1941,1983,1897,2203,
803,1100,604,1479,864,1021,2202,1453,129,521,214,410,484,939,350,590,1282,262,482,279,674,528,1483,1461,320,976,1240,217,1137,384,1213,337,485,1603,882,420,902,
1169,915,1131,713,2455,887,863,1264,426,340,807,263,826,240,1000,622,1034,443,360,231,1320,1949,510,865,165,1287,481,1488,763,155,1143,428,725,100,739,1204,
754,833,570,1506,586,1200,1105,533,1032,567,892,483,821,225,739,660,1315,1299,1266,715,2374,1621,1183,947,1890,676,1219,1114,1447,325,936,676,940,1286,701,
706,405,2114,1155,1356,397,961,397,565,569,780,642,835,586,679,1114,1579,582,205,1506,1210,1163,1153,1573,846,285,820,235,1259,1149,745,563,1300,847,
1815,1737,872,1845,669,924,1029,827,547,312,358,1673,526,966,1082,666,236,608,967,490,469,504,1744,630,649,355,1361,1086,318,1051,680,983,443,
973,1592,1969,1018,1374,1560,482,1081,188,1092,652,721,662,1022,1494,853,1479,2301,609,1171,1097,1508,533,1604,2421,641,260,646,761,632,1210,1631,
2333,2182,701,1785,1972,1867,1114,1467,1724,145,2285,668,1943,2428,678,2117,1184,2082,678,1369,1030,1891,1872,2138,1197,1376,2101,1787,2380,1395,959,
1466,2145,1690,1456,1017,1263,1857,1316,1280,598,1057,1225,330,588,1499,2300,356,2083,357,2204,1581,1749,1982,1453,663,1607,1036,1508,1794,346,
636,1837,1727,1148,1972,1568,1668,1925,1699,484,1547,2099,1398,387,1157,668,1162,1393,443,1492,689,833,953,371,2089,1829,1434,1402,925,
557,197,1094,1049,188,744,937,607,559,617,1089,1560,836,1744,1903,999,538,1614,644,1399,1473,290,690,757,1272,820,1199,999,
238,1291,653,500,572,1335,488,231,358,973,341,1590,2121,1056,1479,1552,940,579,1796,1252,818,913,1692,983,1496,1152,229,
1023,473,1309,154,325,817,704,617,1727,550,483,1858,665,697,251,1796,916,455,161,627,943,902,815,499,470,459,
1654,269,920,1358,878,392,837,1184,515,330,1986,905,663,1769,2520,1161,879,1474,316,649,453,1227,1370,358,1124,
818,1713,1640,1315,598,967,582,972,1010,2523,457,304,1185,1908,558,908,1878,651,723,1073,182,1539,551,504,
480,107,883,309,1033,328,741,362,940,642,1829,316,1709,1275,331,803,319,915,1038,435,1254,311,343,
1722,290,1272,510,685,1461,317,2410,345,1519,721,550,549,1473,697,790,483,749,809,402,435,90,
529,354,583,1019,917,472,2264,426,1052,1617,2139,645,1023,1580,1326,869,851,1861,267,476,238,
1038,669,1753,661,521,2405,491,1144,745,768,463,432,580,918,1058,1098,847,492,794,123,
238,400,1023,467,2139,942,667,466,1865,273,455,875,796,547,240,1723,254,1589,751,
1836,626,1137,347,414,610,760,1650,861,1017,819,815,723,670,632,1049,739,1364,
598,1244,2568,1698,1094,1007,2059,666,503,881,1556,451,1038,83,2394,585,443,
853,930,1327,1157,917,335,216,676,361,921,591,1163,1353,1531,1231,1176,
2699,1306,1828,344,2108,115,1070,743,257,410,779,259,660,781,949,
904,1490,2571,1176,1446,1645,653,995,2091,1963,600,1429,2594,1688,
2377,695,2266,1463,902,776,1057,428,429,330,996,774,495,
177,229,950,699,400,624,479,891,273,884,222,546,
2151,700,626,227,767,780,894,755,1457,1369,516,
1644,2237,290,1704,969,2179,727,1019,1752,1717,
720,180,1280,543,414,453,451,803,1251,
1467,1009,456,1493,821,770,197,374,
442,847,578,776,1226,173,1125,
816,219,410,1178,1183,548,
740,325,478,552,1214,
587,587,1173,613,
699,308,1156,
618,681,
1283,
NOTE = 