SIZE = 58,
2691,2878,2430,367,799,2437,594,2878,2251,3936,2601,3870,627,1946,1937,669,3601,3716,2713,512,2358,1278,2087,2878,3049,2906,3399,6002,3987,1861,1658,3334,307,2635,3305,1600,330,2263,4316,2166,464,2963,1417,4850,2182,2266,5217,1737,3467,2515,1743,2845,3124,2870,1425,739,1302,
705,520,2235,3114,2522,2973,367,287,1863,671,1797,2939,517,852,2020,1525,1849,279,2923,448,1074,543,800,978,696,742,4353,2093,2931,1148,1249,2619,194,1232,750,2349,342,2667,288,3043,345,1266,3201,383,239,3568,946,1592,192,718,921,1039,1216,2495,1878,3129,
506,2466,3467,3093,3277,274,594,1306,114,1240,3295,1109,971,2057,968,1016,439,3180,524,1542,625,243,374,926,524,4747,1350,3502,1231,692,2975,1060,675,1106,2580,502,3061,1064,3134,705,1303,3595,572,960,3962,1022,759,635,1289,364,482,1615,3066,1974,3635,
2274,3008,3008,2985,577,243,1668,392,1489,2836,991,554,1610,1340,1356,407,2721,72,1093,86,528,691,1081,1118,4902,1717,3299,772,1059,2527,508,802,658,2388,170,3145,662,2667,602,856,3750,170,558,4117,570,1099,391,1087,722,702,1770,2864,1434,3199,
1126,2107,925,2356,2020,3556,2379,3490,954,1726,1720,452,3221,3319,2066,839,1954,1061,1870,2486,2678,2692,2871,5784,3590,1601,1441,3047,656,2026,2925,1354,114,1960,4068,1917,815,2351,1226,4642,1944,1854,4999,1524,3070,1883,1529,2620,2727,2650,1170,522,1385,
2108,228,3036,3021,4557,3359,4491,190,2718,2696,1428,4222,4320,3067,297,2936,2037,2846,3487,3658,3684,3872,6776,4591,1607,2417,4020,549,3027,3926,2355,1240,3162,5060,2918,366,3352,2176,5634,2945,2855,5991,2496,4171,2884,2521,3603,4225,3642,1171,1498,537,
2040,2884,2934,4274,3207,4208,2170,2013,3236,2368,3939,4092,2730,2083,2936,2922,3006,3336,3512,2973,3392,6083,4363,806,3937,3710,2109,2636,3643,2824,1991,3026,4391,2364,1958,2763,3116,4925,2844,2464,5298,3503,3843,2543,2120,3457,3500,2941,947,2390,1571,
3219,2883,4362,3163,4504,130,2493,2492,1377,4017,4128,2991,184,2913,1934,2831,3402,3462,3459,3734,6553,4399,1544,2366,3741,343,2889,3724,2223,924,2891,4835,2655,147,3214,1972,4875,2869,2717,5766,2449,3870,2746,2296,3545,3531,3417,1103,1447,681,
354,837,390,1635,3185,875,949,2058,708,1293,287,3070,525,1546,623,519,652,673,520,4494,1564,3325,1225,968,2865,599,478,996,2470,523,2808,728,3120,366,1304,3342,455,631,3709,1023,1036,447,1112,640,758,1362,2889,2266,3487,
1672,480,1606,2849,774,567,1841,1335,1444,158,2734,171,984,268,609,1079,941,842,4628,1716,3213,871,1153,2529,359,1041,660,2134,107,2942,419,2766,329,1087,3476,75,315,3843,669,1187,148,1000,730,848,1491,2777,2049,3201,
1192,254,4385,2265,2037,3143,273,229,1740,4270,1596,2510,1693,1138,960,2070,1438,5891,607,4679,2309,629,4065,1733,435,2196,3670,1580,4505,2134,4221,1783,2389,4739,1650,2038,5106,2094,492,1783,2466,1090,851,2759,4243,3351,4739,
1126,3187,1202,846,2094,854,965,5410,3072,408,1328,511,129,300,1041,638,4876,1236,3565,1117,578,2866,846,561,1003,2267,388,3190,950,3029,591,1347,3724,458,846,4091,915,711,669,1352,250,368,1734,3129,1860,3542,
4319,2199,1967,3082,312,300,1882,4204,1535,2454,1637,1274,1096,2009,1185,5830,760,4617,2243,771,3999,2072,413,2130,3604,1514,4144,2076,4155,1717,2328,4678,1584,1972,5045,2033,634,1795,2400,1232,1494,2698,4181,2986,4673,
2617,2524,1256,4050,4148,2895,125,2764,1865,2644,3310,3486,3583,3846,6675,4589,1669,2245,3848,372,2855,3754,2183,1068,2857,4959,2746,200,3180,2004,5533,2773,2683,5890,2324,3899,2712,2420,3431,3551,3304,1233,1326,693,
1348,1612,1930,2087,721,2414,919,1238,983,1332,1507,974,1383,4074,2358,2422,1608,1705,2211,490,1634,908,1619,880,2388,359,2359,754,1438,2922,827,459,3289,1174,1838,607,209,1452,1495,932,1986,1350,2620,
1275,1698,1802,771,2409,429,600,339,969,1140,1433,1470,5167,2073,3004,279,1420,2204,856,1402,434,1834,533,3481,993,2267,1014,527,4015,502,889,4615,184,1553,722,1145,1063,1210,2035,2571,1123,2804,
2805,2686,1990,1141,1542,801,1612,2083,2393,2624,2627,5724,3346,1869,1002,2693,936,1950,2517,1116,564,1642,4038,1811,1267,2123,754,4572,1702,1748,4929,1252,2806,1849,1461,2336,2324,2582,1422,259,1647,
354,1395,3935,1258,2182,1355,984,806,1740,1288,5561,562,4344,1971,479,3730,1710,213,1861,3335,942,3875,1798,3883,1445,2051,4409,1312,1700,4776,1756,342,1423,2131,940,701,2429,3908,3033,4401,
1505,4041,1139,2293,1475,908,730,1935,1200,5756,262,4501,2082,394,3828,1811,547,1959,3433,1352,4002,1931,4004,1493,1932,4604,1423,1839,4971,1637,257,1638,2288,855,606,2624,4065,2899,4503,
2780,337,1030,334,670,846,760,578,4588,1776,3135,1050,1119,2575,314,1102,706,2182,235,2902,546,2915,287,2699,3436,217,451,3803,835,1248,276,922,791,909,1451,2699,1557,3333,
2649,1750,2559,3200,3371,3380,3585,6472,4306,1582,2130,3744,257,2740,3639,2068,953,2753,4848,2651,135,3065,1889,5330,2658,2568,5687,2209,3784,2597,2217,3316,3441,3338,1146,1211,800,
1021,97,536,707,1009,1046,4759,1645,3227,700,982,2444,435,970,586,2068,102,3073,590,2595,590,8700,3607,98,486,3969,498,1115,319,1015,652,777,1622,2791,1441,3122,
887,1450,1627,2553,1835,5071,2654,2425,456,1901,1545,990,1889,324,1175,992,3385,881,1876,1315,432,3919,908,818,4286,554,2040,847,1030,1671,2243,1939,1994,1394,2217,
640,810,1101,1143,4922,1742,3295,618,1079,2354,532,1072,563,1984,199,3236,692,2606,688,858,3770,169,588,4137,523,1218,416,1083,761,879,1790,2859,1339,3032,
178,1177,767,5000,1177,3751,1246,652,2995,975,709,1126,2600,517,3314,1078,3158,720,1329,3848,587,975,4215,1044,639,798,1538,124,432,1868,3315,1189,3665,
1353,945,5181,992,3864,1416,474,3165,1127,531,1297,2566,687,3495,1249,3328,856,1646,4029,757,1145,4396,1214,476,968,1651,138,254,2044,3428,2159,3841,
887,3830,2266,3388,2128,1609,3173,772,1444,1442,2585,950,2149,964,3322,455,1972,2688,1004,1063,3045,1488,1686,894,1175,1298,1398,693,2952,2286,3586,
4720,1471,3801,1755,1216,3380,1484,938,1511,2905,976,3024,1174,3600,607,1989,3558,1096,1076,3925,1771,943,892,1588,888,788,1578,3365,2951,3998,
6089,6480,5951,5423,6265,4645,5265,4746,5676,4771,1686,4199,6417,4276,5271,2230,4826,4299,785,4993,5511,4447,4267,5126,5221,3142,6044,5404,6678,
4772,2353,665,4099,2185,818,2230,3706,1747,4408,2179,4265,1827,2592,4947,1694,2082,5304,2151,528,1905,2559,1126,887,2957,4036,3554,4774,
2844,4119,1608,2906,4052,2929,1715,3206,4764,2649,1451,3168,2417,5338,3136,2750,5695,3178,4252,2928,2225,3866,3929,3346,446,1882,1070,
1695,1925,1135,1678,694,1557,802,4265,1248,2265,1290,248,4799,781,1188,5166,257,1824,1019,1282,1342,1485,2819,2413,1210,2636,
3547,1424,176,1577,2845,967,3752,1421,3607,1169,1939,4291,1036,1424,4648,1480,137,1301,1906,347,224,2300,3683,2901,4116,
2535,3434,1863,770,2537,4549,2305,211,2860,1684,5123,2453,2406,5480,2004,3579,2392,2010,3110,3236,3131,1172,1006,1052,
1407,666,2142,335,2959,234,2875,394,1196,3538,287,137,3860,926,1557,98,693,1096,1214,1193,2470,1517,3104,
1565,3039,949,3579,1511,3590,1152,1763,4113,1019,1407,4480,1468,290,1230,1839,489,283,2133,3616,2725,4108,
1260,668,3060,557,2089,991,524,3594,584,494,3961,260,1710,523,716,1247,1367,1609,2493,851,2535,
2074,4182,2031,931,2465,1340,4756,1844,1968,5113,1638,3184,1997,1422,2736,2841,2543,1284,636,1273,
3083,497,2697,488,888,3617,80,389,3986,600,1095,217,960,754,756,1639,2770,1543,3209,
2513,4701,2590,3590,544,3140,2613,901,3307,3825,2761,2551,3440,3535,1456,4328,3718,4962,
2623,589,1057,3047,508,112,3414,817,1672,282,436,1191,1311,1062,2213,1408,2846,
3185,1834,5274,2793,2563,5632,2339,3736,2914,2162,3451,3397,3283,1011,1337,817,
1369,3124,560,498,3491,1088,1236,432,955,841,959,1144,2732,2331,3366,
4124,948,994,4708,498,1908,1095,1238,1582,1570,2139,2105,962,2395,
3674,3147,1445,3841,4359,3294,3125,3974,4069,1990,4902,4252,5536,
411,4041,844,1165,227,923,708,826,1694,2700,1435,3125,
3514,754,1560,184,537,1096,1214,1162,2314,1345,2948,
4208,4791,3662,3482,4341,4436,2357,5259,4619,5893,
1627,783,965,1165,1275,1861,2742,1460,2676,
1381,2039,598,359,2379,3816,2570,4249,
715,919,1037,1310,2492,2042,3064,
1653,1716,1133,1789,1199,2423,
189,1989,3430,2098,3786,
2089,3493,2532,3906,
2910,2278,3544,
1446,634,
1681,
NOTE = 