SIZE = 42,
84,143,147,174,80,83,118,155,155,48,31,41,118,94,116,127,159,129,133,138,36,117,84,26,95,71,54,46,27,107,165,29,90,123,35,106,114,185,178,135,59,
99,38,51,60,58,20,53,39,36,17,88,62,87,64,43,48,68,125,124,44,44,27,20,45,36,61,62,107,60,93,75,77,72,21,36,49,72,90,49,53,
71,104,61,106,108,90,109,115,40,23,65,77,101,75,107,145,191,181,115,104,48,49,67,90,88,84,40,114,106,78,114,149,63,126,84,130,120,67,98,
124,172,46,67,41,25,52,17,136,37,148,37,46,57,65,97,99,71,63,172,13,30,36,37,43,98,62,126,93,53,59,23,30,59,158,121,45,47,
83,75,85,128,150,46,21,34,102,96,86,108,146,111,146,101,30,91,69,48,97,103,59,29,19,86,120,32,87,97,53,142,146,186,142,108,71,
77,49,86,63,47,21,89,129,117,182,89,185,50,62,60,48,42,114,49,157,38,30,62,36,82,122,46,167,34,70,36,130,77,68,151,53,
66,49,49,31,6,56,56,90,71,46,60,77,130,135,72,40,45,18,66,62,60,16,96,59,71,95,74,67,17,39,53,101,105,46,47,
62,78,79,5,102,58,64,86,50,70,66,142,150,97,81,77,15,53,53,25,31,84,62,86,66,98,107,22,64,47,118,110,72,62,
95,56,11,60,34,97,58,74,61,67,128,113,42,82,75,23,33,64,40,29,56,59,126,49,66,76,25,97,69,160,104,20,63,
55,12,44,36,76,63,81,60,86,100,123,50,71,49,15,40,91,44,35,39,52,87,34,84,62,24,89,42,120,123,34,55,
20,63,93,46,147,23,60,88,85,119,105,98,64,21,91,92,42,28,62,59,49,106,186,66,33,42,32,54,59,73,111,
29,9,30,25,21,18,11,10,35,3,20,5,8,6,20,15,9,8,10,22,11,6,23,45,8,9,26,27,12,12,
176,44,144,62,110,35,29,22,48,105,85,32,144,30,99,81,77,74,48,89,180,69,54,26,83,53,28,176,66,
161,11,18,35,70,71,65,97,78,151,21,29,51,41,32,171,50,163,134,55,84,38,46,26,139,101,35,70,
161,121,179,84,80,78,34,56,118,50,156,43,58,36,40,65,137,46,140,77,68,51,164,139,94,131,56,
55,47,108,84,88,186,80,176,32,3,105,71,54,164,92,134,188,5,88,41,83,57,119,78,41,109,
76,79,124,101,30,54,78,14,35,43,39,23,44,42,159,39,61,81,14,44,67,155,136,34,35,
79,98,105,66,66,147,25,21,44,40,36,102,70,155,83,64,71,33,42,74,133,122,46,51,
146,185,110,117,28,26,79,115,61,51,77,71,105,116,77,108,46,108,86,126,124,64,75,
187,45,156,57,41,60,136,105,90,14,137,124,36,94,150,81,112,111,143,161,103,130,
77,144,59,76,62,109,120,99,29,142,106,47,107,140,85,93,85,140,170,73,126,
63,50,15,117,50,32,36,93,91,32,91,192,83,9,43,41,33,34,96,113,
43,24,62,81,50,41,111,81,104,84,92,103,35,60,52,128,115,75,85,
27,125,34,59,69,80,72,73,44,188,36,55,32,90,78,63,178,51,
15,20,21,47,37,17,45,12,32,41,39,28,30,43,31,29,30,
65,38,45,171,59,139,166,12,82,27,45,18,113,67,33,87,
34,24,46,61,49,51,113,99,28,83,31,60,141,48,91,
50,87,15,82,47,60,63,49,27,32,69,72,54,39,
60,20,62,36,48,57,37,31,24,58,62,34,42,
64,46,87,147,114,40,22,64,34,21,137,71,
97,98,80,62,26,66,51,93,104,54,38,
30,124,110,42,63,160,164,123,163,61,
166,112,39,38,46,28,27,99,69,
86,38,111,61,119,90,41,150,
46,88,59,124,130,69,98,
28,24,58,34,24,29,
41,75,140,38,85,
133,134,41,25,
142,159,57,
102,96,
53,
NOTE = 