SIZE = 26,
160,152,160,112,62,127,68,117,64,228,70,34,96,75,172,88,185,87,74,202,147,272,33,26,124,
128,182,121,95,103,51,99,51,161,130,107,27,81,148,130,190,37,79,181,190,197,9,58,107,
155,159,110,156,98,117,78,230,141,92,68,74,181,133,125,63,61,188,173,257,44,87,142,
148,68,156,62,130,71,223,86,63,30,93,124,96,147,68,93,197,157,241,68,46,122,
100,152,66,127,54,206,93,62,56,37,175,102,139,42,43,155,181,250,73,53,86,
74,114,66,84,140,110,59,71,44,103,98,82,62,70,122,83,212,22,52,54,
82,81,78,198,76,24,32,91,135,36,128,34,55,136,156,223,15,31,67,
62,135,163,95,34,55,93,91,64,77,65,54,139,93,205,37,63,89,
71,172,31,34,20,63,156,68,135,40,76,116,148,210,23,27,95,
158,58,65,72,169,91,100,87,81,116,109,116,196,26,61,84,
129,77,135,144,222,140,193,107,102,179,185,220,50,136,160,
39,71,88,119,98,74,90,82,132,92,189,20,75,89,
53,35,54,36,29,42,11,64,90,102,83,93,11,
59,106,92,39,133,64,80,64,186,42,129,47,
80,95,87,91,151,125,113,154,39,46,92,
153,165,89,85,188,180,280,22,112,146,
78,88,103,111,111,178,18,56,99,
109,100,194,180,278,13,38,98,
139,148,53,186,11,62,83,
141,94,157,9,49,77,
157,127,93,65,100,
268,26,87,122,
51,128,190,
40,11,
26,
NOTE = 